450814997
843577117
843425103
583496184
497660133
463939057
861133494
843593391
843632231
583544987
1858075458
333310405
1990653162
753946944
623475643
713709341
346726922
1858070328
1862208264
837729515
2822758266
498101407
767380317
730310357
1400449010
945476727
823636749
497661914
2133632112
2022986929
2957974874
2947745583
1726184748
1779063631
1251859358
642912021
2268351256
2183975396
894678801
3283642267
2966168738
2914901109
2010222986
2291129343
3045129955
2840191596
1726494027
2800081814
2643518676
1368857262
2886141254
2993442344
2561708057
2981582086
2198339170
1113631358
3073216844
1376867375
3029520419
2447965207
2515887728
3142300742
3165450999
3283645995
735566597
1298282761
1624803912
2068033599
1180534892
1180533757
3283635033
374775446
374780664
3256534418
3205870510
1310581330
2272519197
2946868556
918639806
2684046473
2010225817
2010224487
2994796909
3013515917
2829330653
2266710560
1446500688
1537973181
2262255106
2616555444
2789152015
3333302397
3083451905
1893300731
632435682
766491311
541888371
