450814997
583496184
463939057
2648308937
1399447232
891433622
937438041
1779063631
2218473955
583544987
2522638637
2966168738
2914901109
3283642267
2291129343
773314286
1858075458
1726494027
1419177473
828493030
632435682
773759919
867431642
2256074028
2173146730
894678801
1893300731
2800081814
2811202098
1300821366
1221266483
866772689
766491311
2924054002
2886141254
2993442344
2735613231
1404152435
1437288288
1521008163
1354112941
2981582086
2198339170
837729515
753946944
333310405
346726922
623475643
2506646755
1858070328
1862208264
1990653162
2822758266
2012417505
2710902874
1251859358
2001064996
2022986929
2894199585
642912021
3012687647
2595680138
3020755032
1425442364
939686262
1537973181
2946868556
1412981204
3110642448
1446500688
2447965207
3029520419
2372036642
3174419638
714149065
3015944358
3117898674
1400449010
2012371414
946763963
1496363537
1120714022
2423977008
2842504702
3165450999
1310692379
2620123769
3132949782
3214719358
3256534418
3287397265
3283635033
jms_sa
